21 71 11 
38794012 9 4400069 10 217524 11 4842523 12 11752321 13 1038242 14 3150622 17 194075 18 11725655 21 1165273 
78853047 8 38289621 11 2394813 14 85993 18 1945732 19 37244857 
94876660 8 53085 10 18515692 11 8557645 12 69358 13 12756750 16 84448 17 87414 18 5131014 19 108344 20 30469359 21 112973 
77377187 9 18997685 11 76646 12 7444009 14 1071098 15 10375346 18 3954497 21 31290556 
33733924 9 661068 10 466208 11 1259177 12 805873 13 413437 14 15554543 16 11724003 17 2286938 18 10079949 20 945919 21 184350 
9698503 7 2759241 8 433932 10 167890 14 2729571 16 2274643 17 16777452 18 3222160 
632511 6 2759241 18 210141 
73371284 2 38289621 3 53085 6 433932 18 723220 19 40247492 
48492515 1 4400069 4 18997685 5 661068 18 2356415 21 22809723 
43643264 1 217524 3 18515692 5 466208 6 167890 18 368356 19 78494 20 23798451 21 83448 
39215686 1 4842523 2 2394813 3 8557645 4 76646 5 1259177 18 12937266 20 80129 
33944761 1 11752321 3 69358 4 7444009 5 805873 18 11277559 
31625553 1 1038242 3 12756750 5 413437 18 1034715 20 15470092 
25089606 1 3150622 2 85993 4 1071098 5 15554543 6 2729571 18 6555768 21 2338653 
18975332 4 10375346 21 12650339 
10963525 3 84448 5 11724003 6 2274643 18 2747296 20 1325588 
7379296 1 194075 3 87414 5 2286938 6 16777452 18 2303920 21 253343 
127345562 1 11725655 2 1945732 3 5131014 4 3954497 5 10079949 6 3222160 7 210141 8 723220 9 2356415 10 368356 11 12937266 12 11277559 13 1034715 14 6555768 16 2747296 17 2303920 
70208729 2 37244857 3 108344 8 40247492 10 78494 
72317099 3 30469359 5 945919 10 23798451 11 80129 13 15470092 16 1325588 
63461944 1 1165273 3 112973 4 31290556 5 184350 9 22809723 10 83448 14 2338653 15 12650339 17 253343 
